0.000682,7
0.000842,2
0.001492,4
0.002411,9
0.002696,12
0.003105,3
0.004045,10
0.004778,9
0.005087,16
0.005414,14
0.005956,4
0.006771,1
0.007709,9
0.008121,4
0.008555,13
0.009489,15
0.010151,2
0.010427,8
0.011300,5
0.012081,5
0.012185,9
0.012886,13
0.013119,8
0.014064,2
0.014430,4
0.015035,9
0.015163,16
0.015888,6
0.015992,8
0.016955,9
0.017221,14
0.017485,2
0.017636,14
0.018340,3
0.018629,15
0.019091,12
0.019282,6
0.019740,2
0.019941,4
0.020098,11
0.020478,9
0.020667,14
0.020805,5
0.021581,12
0.021969,8
0.022908,9
0.023810,10
0.024004,6
0.024212,2
0.024940,9
0.025537,3
0.026514,14
0.027462,11
0.028269,9
0.029257,7
0.029894,4
0.030388,16
0.030750,5
0.031311,14
0.031679,7
0.032137,12
0.032753,6
0.033469,14
0.034395,8
0.035098,16
0.035661,13
0.036305,15
0.036787,15
0.037754,8
0.038490,3
0.038833,5
0.039445,9
0.040185,16
0.040768,7
0.040913,15
0.041448,11
0.042021,9
0.042518,1
0.043159,5
0.043960,1
0.044711,13
0.044932,12
0.045118,12
0.045764,11
0.046380,13
0.046717,12
0.046997,4
0.047180,7
0.047750,8
0.048385,6
0.049078,14
0.049740,4
0.050302,4
0.051013,9
0.051303,6
0.051984,1
0.052840,14
0.053602,1
0.053932,2
0.054418,2
0.055211,15
0.055324,14
0.056228,3
0.056955,4
0.057913,15
0.058862,5
0.059817,14
0.060054,2
0.060636,10
0.061301,16
0.062244,6
0.062897,10
0.063211,9
0.063525,10
0.064520,16
0.064876,13
0.065778,12
0.066388,9
0.066495,3
0.066732,4
0.067513,9
0.068248,2
0.069159,5
0.069883,14
0.070583,8
0.070739,2
0.071611,7
0.072081,2
0.072803,7
0.073539,3
0.074430,11
0.075421,2
0.075679,13
0.076564,16
0.077121,9
0.078074,5
0.078263,11
0.078430,12
0.079053,1
0.079540,16
0.080102,12
0.080258,7
0.080536,13
0.081366,11
0.081523,10
0.082335,6
0.082827,6
0.082950,16
0.083585,2
0.084529,14
0.084823,1
0.085655,9
0.085773,5
0.086730,5
0.086900,2
0.087377,13
0.088214,10
0.089086,13
0.089531,5
0.089800,4
0.090237,5
0.090834,7
0.091187,4
0.091992,10
0.092909,12
0.093476,12
0.093598,7
0.094502,13
0.094953,1
0.095516,11
0.096417,6
0.096552,14
0.097298,9
0.098072,2
0.099018,8
0.099793,6
0.100161,8
0.100675,16
0.101430,5
0.102317,6
0.103189,16
0.103711,7
0.104584,12
0.104948,4
0.105392,8
0.106192,14
0.106948,16
0.107183,16
0.108095,3
0.109026,14
0.110004,11
0.110418,15
0.110665,13
0.111310,12
0.111633,12
0.111947,14
0.112925,1
0.113236,4
0.113494,12
0.113719,1
0.114201,8
0.115195,9
0.115765,1
0.116734,12
0.117500,11
0.118021,2
0.118903,6
0.119810,3
0.120470,5
0.121378,16
0.121547,2
0.121801,15
0.122232,6
0.122350,13
0.123245,14
0.124218,5
0.125121,15
0.125304,9
0.126012,14
0.126159,14
0.127149,10
0.127882,8
0.128315,3
0.129083,13
0.129410,2
0.129754,2
0.130105,8
0.131037,13
0.131619,10
0.132230,4
0.132432,10
0.132645,9
0.133533,3
0.134453,3
0.134704,3
0.135504,14
0.135733,9
0.136660,15
0.137171,3
0.138167,12
0.139154,1
0.139498,5
0.139965,1
0.140897,8
0.141289,16
0.141774,2
0.142766,16
0.143446,6
0.143959,4
0.144306,9
0.145209,6
0.145426,13
0.145734,5
0.146433,16
0.147064,16
0.147752,6
0.148197,14
0.149100,6
0.149595,9
0.150038,3
0.150749,11
0.150975,2
0.151888,2
0.152046,6
0.152529,3
0.153348,10
0.153687,14
0.154426,5
0.154667,12
0.155311,13
0.156300,12
0.156758,3
0.157470,16
0.157660,2
0.158606,9
0.158859,5
0.159223,2
0.159666,14
0.159770,7
0.160376,16
0.160732,13
0.160919,1
0.161296,11
0.161420,14
0.161963,15
0.162327,7
0.162757,16
0.162921,10
0.163911,5
0.164615,5
0.164870,13
0.165633,12
0.165736,14
0.165872,7
0.166430,11
0.167172,5
0.167548,5
0.168415,15
0.168579,12
0.168737,5
0.168905,12
0.169501,4
0.170330,12
0.171036,6
0.171899,5
0.172301,16
0.172549,1
0.173020,5
0.173754,13
0.174368,2
0.174898,14
0.175864,11
0.176495,5
0.177193,12
0.177848,12
0.178185,14
0.178733,12
0.179091,7
0.180019,14
0.180828,5
0.181126,15
0.181644,14
0.182166,8
0.182343,3
0.183182,4
0.183386,11
0.184161,11
0.184855,4
0.185321,8
0.185845,2
0.185957,8
0.186087,6
0.186491,3
0.186916,2
0.187277,6
0.187517,15
0.187894,15
0.188388,9
0.188516,4
0.189274,4
0.189767,2
0.190104,12
0.190394,15
0.190683,12
0.191247,3
0.191396,6
0.191750,5
0.192203,11
0.192670,11
0.193614,8
0.194473,9
0.194799,7
0.195399,3
0.195819,15
0.196005,1
0.196444,11
0.196553,1
0.197549,2
0.198016,4
0.198468,10
0.199096,8
0.199904,2
0.200183,6
0.200738,2
0.201561,1
0.202177,2
0.202426,3
0.203334,6
0.203614,4
0.203967,4
0.204132,3
0.204445,11
0.205215,9
0.205939,12
0.206648,15
0.207507,9
0.207933,15
0.208893,5
0.209082,2
0.209698,13
0.209850,6
0.210096,14
0.210817,11
0.211102,8
0.211536,4
0.212483,6
0.212657,6
0.213504,16
0.214165,8
0.214645,16
0.214841,13
0.215449,7
0.216269,12
0.216633,8
0.216776,4
0.217775,8
0.218423,16
0.219154,10
0.220021,16
0.220499,8
0.220748,13
0.221219,12
0.222166,3
0.222944,2
0.223467,13
0.223726,7
0.224595,16
0.225111,9
0.225873,7
0.226098,10
0.226869,3
0.227615,5
0.228082,6
0.228558,5
0.229308,16
0.229812,3
0.229975,11
0.230844,15
0.231085,3
0.231269,7
0.231383,4
0.231600,6
0.232109,14
0.233058,6
0.233941,10
0.234390,13
0.235214,16
0.235971,16
0.236787,9
0.237493,3
0.237677,8
0.237905,14
0.238823,2
0.239797,8
0.240692,16
0.241676,7
0.242514,2
0.242669,15
0.243513,7
0.244151,9
0.245038,13
0.245461,15
0.246234,15
0.246837,12
0.247491,1
0.248263,2
0.248904,2
0.249030,4
0.249785,5
0.250766,5
0.251199,1
0.251556,7
0.251752,8
0.252064,1
0.252850,6
0.253745,16
0.254157,6
0.255068,1
0.255739,6
0.255878,11
0.256120,5
0.256458,12
0.257301,3
0.257807,14
0.258304,6
0.258777,10
0.259716,15
0.260566,3
0.261128,10
0.262040,16
0.262922,14
0.263918,9
0.264200,2
0.265177,10
0.265895,3
0.266136,15
0.266526,12
0.267507,5
0.268341,1
0.269192,15
0.269802,4
0.270164,15
0.271011,4
0.271774,6
0.272463,16
0.273444,6
0.273922,14
0.274300,8
0.274779,9
0.275210,10
0.276095,12
0.277029,8
0.277424,11
0.278285,7
0.278810,6
0.279299,9
0.280009,8
0.280968,14
0.281746,11
0.282032,4
0.282991,10
0.283734,1
0.284019,6
0.284624,10
0.285350,6
0.286072,12
0.286489,9
0.287345,12
0.287479,4
0.288411,2
0.288876,12
0.289183,13
0.289983,16
0.290496,12
0.290874,7
0.291685,12
0.292596,10
0.293311,11
0.293840,8
0.294811,5
0.295340,5
0.295913,10
0.296700,11
0.297320,11
0.298142,12
0.298585,9
0.299570,3
0.299671,1
0.300050,12
0.300923,12
0.301667,6
0.301991,7
0.302491,1
0.303293,10
0.303644,7
0.303864,5
0.304528,9
0.304883,16
0.305141,9
0.305968,4
0.306542,9
0.306970,3
0.307901,2
0.308194,14
0.308347,9
0.309264,15
0.309987,5
0.310357,15
0.310912,15
0.311883,3
0.312085,7
0.312993,14
0.313586,15
0.314227,11
0.314414,8
0.315047,10
0.315378,15
0.316258,2
0.316604,5
0.317562,9
0.317693,14
0.318273,16
0.319268,7
0.319952,8
0.320591,5
0.321342,1
0.322159,13
0.322767,15
0.323620,14
0.323933,12
0.324702,14
0.325417,7
0.325575,4
0.326566,9
0.327196,11
0.327468,16
0.328325,4
0.329249,12
0.329568,15
0.329790,5
0.330190,4
0.330793,14
0.331199,13
0.331464,10
0.332189,1
0.333040,7
0.333561,11
0.334148,13
0.334795,6
0.335760,2
0.336044,9
0.336371,15
0.336581,15
0.337552,14
0.338023,16
0.338636,14
0.339514,8
0.340183,6
0.340596,14
0.341080,9
0.342003,10
0.342906,3
0.343200,4
0.343811,4
0.344243,16
0.344552,2
0.344722,11
0.345270,8
0.346193,12
0.346529,10
0.346932,3
0.347469,14
0.348380,7
0.348561,2
0.348858,5
0.349669,9
0.350574,9
0.351433,11
0.352242,9
0.353130,14
0.353654,4
0.354626,2
0.355153,6
0.355586,14
0.356069,4
0.356617,13
0.357148,5
0.357914,12
0.358626,16
0.358906,8
0.359239,14
0.359391,16
0.359794,5
0.359919,8
0.360648,3
0.360834,2
0.361255,16
0.362203,6
0.363168,4
0.364097,7
0.364970,4
0.365562,5
0.365763,12
0.365906,3
0.366540,15
0.366644,12
0.367538,4
0.368195,11
0.369093,14
0.369239,15
0.369875,13
0.370310,1
0.370779,2
0.371214,9
0.371767,9
0.371886,3
0.372170,14
0.372478,8
0.372674,1
0.373509,15
0.373875,12
0.374608,11
0.375337,14
0.375862,2
0.376726,7
0.377439,7
0.377967,9
0.378399,6
0.378697,11
0.379437,2
0.379911,5
0.380567,11
0.381125,4
0.381828,14
0.382568,14
0.382772,2
0.383750,9
0.384656,15
0.384774,9
0.385504,1
0.386430,13
0.386966,14
0.387492,16
0.387808,11
0.388098,15
0.388642,3
0.388872,5
0.389184,7
0.389823,12
0.390540,3
0.391165,8
0.392142,6
0.392247,12
0.392788,12
0.393219,1
0.393722,7
0.394257,5
0.394500,15
0.394802,6
0.395102,8
0.395809,4
0.396687,6
0.397452,14
0.397925,14
0.398316,3
0.399186,4
0.399768,4
0.399887,10
0.400878,9
0.401270,7
0.402092,8
0.402817,6
0.403783,13
0.404729,7
0.404893,2
0.405324,7
0.405886,11
0.406263,12
0.406599,10
0.407311,7
0.407459,7
0.408436,6
0.409078,12
0.409627,4
0.409860,9
0.410697,3
0.411494,1
0.412476,7
0.413296,2
0.413459,14
0.414191,2
0.414364,15
0.414604,5
0.415211,14
0.415346,2
0.416122,2
0.416856,15
0.417629,7
0.418101,2
0.418466,14
0.418936,3
0.419845,9
0.420508,11
0.421475,1
0.422259,13
0.423147,16
0.423940,2
0.424121,9
0.424927,5
0.425406,10
0.426112,10
0.426262,13
0.427148,12
0.427735,7
0.428324,3
0.429144,11
0.429321,10
0.430067,8
0.430986,3
0.431841,11
0.432301,7
0.432990,14
0.433458,13
0.433620,5
0.433918,10
0.434195,1
0.434809,10
0.435496,7
0.436141,6
0.436347,7
0.436546,6
0.436806,8
0.437613,8
0.438491,14
0.439432,2
0.439534,2
0.440456,13
0.441071,3
0.441833,2
0.442331,1
0.443322,5
0.443586,15
0.444362,6
0.444739,13
0.445539,16
0.446453,13
0.447228,12
0.448108,8
0.448340,7
0.449235,5
0.449749,6
0.449917,7
0.450636,2
0.451285,16
0.451827,9
0.452218,15
0.452718,12
0.453617,5
0.454393,7
0.455354,15
0.455465,11
0.456290,15
0.456615,12
0.457513,8
0.458366,3
0.458569,5
0.459194,10
0.460001,1
0.460109,7
0.460660,3
0.461093,9
0.461266,7
0.461935,13
0.462094,4
0.462243,1
0.463192,6
0.463803,11
0.464791,14
0.465440,14
0.466231,9
0.467215,4
0.467405,16
0.467527,3
0.468167,4
0.469031,14
0.469642,5
0.470389,12
0.471007,16
0.471742,8
0.472333,1
0.472508,2
0.473379,3
0.474291,6
0.474968,13
0.475486,3
0.475996,4
0.476939,2
0.477909,7
0.478503,8
0.478982,4
0.479682,15
0.479790,5
0.480351,4
0.481095,1
0.482022,4
0.482781,15
0.483748,6
0.484041,15
0.484761,10
0.485207,2
0.485486,5
0.486330,3
0.486864,11
0.487307,11
0.487669,15
0.488664,3
0.489266,16
0.489944,12
0.490524,7
0.490908,8
0.491358,5
0.492274,7
0.492454,14
0.492911,4
0.493509,4
0.493801,11
0.494051,12
0.494347,10
0.494832,1
0.495294,11
0.495642,9
0.496501,13
0.497398,9
0.498189,5
0.498511,3
0.499222,8
0.500059,12
0.500643,4
0.501456,7
0.502358,7
0.502874,14
0.503490,14
0.503840,5
0.504613,2
0.505121,7
0.505689,14
0.506253,16
0.506526,7
0.506684,13
0.506814,14
0.507129,3
0.507698,12
0.508667,15
0.509573,16
0.510023,10
0.510181,7
0.510882,1
0.511245,14
0.511650,12
0.511782,16
0.512768,13
0.513374,15
0.514285,5
0.514923,11
0.515492,2
0.515814,2
0.516342,7
0.517045,5
0.517347,1
0.518204,15
0.518969,4
0.519750,4
0.520640,6
0.521112,11
0.521400,16
0.521593,7
0.521715,5
0.522063,2
0.522351,5
0.523079,14
0.524040,6
0.524503,8
0.524731,9
0.525120,16
0.525477,13
0.526456,6
0.527305,4
0.527559,11
0.528218,7
0.528810,1
0.528961,2
0.529175,15
0.529995,7
0.530424,2
0.530698,11
0.531044,4
0.531471,10
0.531979,16
0.532685,9
0.533195,14
0.533968,7
0.534369,12
0.535340,1
0.535463,2
0.535829,6
0.536284,13
0.536540,9
0.537339,6
0.537812,11
0.538008,11
0.538993,4
0.539174,13
0.539977,3
0.540893,4
0.541344,13
0.541869,16
0.542426,16
0.543260,9
0.543792,2
0.543959,5
0.544202,15
0.544393,16
0.544890,4
0.545820,16
0.546183,8
0.546486,1
0.547300,15
0.547601,2
0.547764,5
0.548210,7
0.548417,16
0.548880,11
0.549598,1
0.550067,9
0.550925,16
0.551205,14
0.551807,16
0.552575,14
0.553284,11
0.553767,8
0.554087,13
0.555047,7
0.555214,4
0.555617,2
0.556135,9
0.556395,15
0.557271,16
0.557641,11
0.558618,6
0.559138,10
0.560084,2
0.560789,14
0.561751,2
0.562725,4
0.563106,5
0.564024,11
0.564662,13
0.565020,10
0.565342,7
0.566017,12
0.566254,15
0.566885,10
0.567583,11
0.567933,10
0.568647,12
0.569292,3
0.569588,1
0.570334,9
0.571045,4
0.571307,14
0.571412,2
0.572063,11
0.572998,16
0.573407,7
0.573830,6
0.574715,12
0.575284,8
0.576271,5
0.576417,14
0.576886,5
0.577056,12
0.577630,12
0.578145,9
0.578980,6
0.579466,9
0.579835,8
0.580193,1
0.580409,16
0.580551,3
0.581009,16
0.581153,14
0.581593,6
0.582177,6
0.582670,14
0.583490,5
0.583595,3
0.583911,3
0.584142,6
0.584379,14
0.584771,15
0.584880,1
0.585716,5
0.586175,13
0.586346,13
0.586758,5
0.587303,3
0.588134,12
0.588554,15
0.589471,6
0.589941,13
0.590369,11
0.590806,9
0.591435,7
0.591617,12
0.591775,14
0.592293,2
0.592999,5
0.593422,5
0.594009,9
0.594964,9
0.595715,13
0.596368,10
0.596481,3
0.597422,8
0.597535,2
0.598216,3
0.598733,16
0.599705,9
0.600519,8
0.600925,16
0.601845,5
0.602471,2
0.602579,2
0.603514,13
0.603887,14
0.604017,15
0.604768,9
0.605389,15
0.606313,9
0.607250,14
0.607853,15
0.608572,2
0.609399,11
0.610112,15
0.610575,16
0.610950,3
0.611359,16
0.611680,8
0.611948,3
0.612365,10
0.613352,7
0.613856,5
0.614540,1
0.615460,14
0.615765,11
0.616396,16
0.617335,14
0.617443,8
0.617687,11
0.617921,5
0.618076,16
0.618599,6
0.619132,12
0.619684,16
0.620678,12
0.621595,5
0.621940,7
0.622539,12
0.623360,8
0.624200,10
0.625010,16
0.625325,1
0.625651,8
0.626194,8
0.626551,14
0.627291,7
0.627718,14
0.628076,6
0.628210,11
0.628679,2
0.629630,8
0.629836,5
0.629959,9
0.630623,6
0.631508,4
0.632169,13
0.632969,14
0.633100,16
0.633366,6
0.633557,4
0.634503,13
0.635150,6
0.636070,2
0.636636,12
0.637481,15
0.637650,7
0.637959,9
0.638234,12
0.638675,13
0.638923,4
0.639677,6
0.640216,1
0.640765,13
0.641003,3
0.641110,6
0.641551,7
0.641878,12
0.642674,8
0.643368,14
0.644191,15
0.644584,13
0.645297,5
0.645461,1
0.645683,6
0.645812,10
0.645930,15
0.646082,12
0.646329,16
0.646593,7
0.646935,8
0.647133,15
0.647442,10
0.647864,16
0.647982,3
0.648882,14
0.648996,12
0.649580,13
0.650086,10
0.650333,2
0.651123,5
0.651248,10
0.651369,5
0.651922,15
0.652643,15
0.652873,7
0.653564,14
0.653856,2
0.654432,1
0.655411,3
0.656165,3
0.656551,10
0.657501,15
0.657877,2
0.658438,16
0.658939,5
0.659914,4
0.660840,15
0.661698,2
0.661892,6
0.662827,11
0.663078,1
0.663609,10
0.663735,13
0.664301,16
0.665154,14
0.665414,5
0.665578,14
0.665928,14
0.666092,12
0.666791,10
0.667088,5
0.667406,13
0.668295,4
0.668869,5
0.669069,11
0.669735,11
0.669880,3
0.670178,8
0.670481,13
0.670705,16
0.671255,13
0.671745,8
0.672203,11
0.673148,11
0.673296,8
0.673706,5
0.674689,15
0.675573,12
0.676397,2
0.676531,15
0.676800,12
0.677090,2
0.677710,13
0.678705,1
0.679623,3
0.680548,9
0.681536,5
0.681970,6
0.682293,8
0.682545,5
0.683472,6
0.684251,9
0.685159,8
0.685392,9
0.685661,16
0.686108,9
0.686932,5
0.687459,8
0.688097,2
0.688364,16
0.688477,16
0.688749,13
0.688859,12
0.688994,7
0.689765,5
0.690645,9
0.691350,5
0.691904,11
0.692851,1
0.693368,14
0.694107,2
0.694278,7
0.694678,12
0.695158,9
0.696045,11
0.696781,7
0.697059,12
0.697212,13
0.697645,13
0.697955,6
0.698751,11
0.699748,6
0.700164,10
0.700606,6
0.701300,11
0.701709,12
0.702018,15
0.702275,2
0.702612,9
0.703019,4
0.703245,6
0.704101,10
0.704489,12
0.704962,9
0.705514,5
0.705933,4
0.706668,10
0.707108,7
0.707835,11
0.708557,10
0.709450,6
0.710221,10
0.710981,15
0.711849,8
0.712475,13
0.712827,12
0.713022,5
0.713557,16
0.713979,6
0.714603,8
0.714988,2
0.715605,5
0.716543,13
0.717057,6
0.717537,2
0.718357,9
0.718941,3
0.719769,10
0.719889,12
0.720002,8
0.720745,5
0.721042,5
0.721634,16
0.722128,3
0.722525,16
0.723108,14
0.723879,2
0.724739,7
0.725257,6
0.725391,8
0.726159,13
0.726620,13
0.727504,14
0.728298,7
0.729088,7
0.729239,1
0.729552,6
0.730334,7
0.731077,8
0.731382,8
0.731906,15
0.732480,4
0.732743,4
0.733294,16
0.734200,8
0.734757,8
0.735139,7
0.735497,6
0.735629,15
0.736242,13
0.736718,4
0.736853,15
0.736971,10
0.737803,8
0.738738,1
0.739602,11
0.740047,16
0.740738,11
0.741103,11
0.742018,4
0.742888,16
0.743057,10
0.744032,5
0.744604,11
0.744730,1
0.745205,12
0.746159,4
0.746378,6
0.746857,12
0.747211,8
0.747475,9
0.747805,11
0.748774,3
0.749186,15
0.749436,9
0.750224,13
0.751160,10
0.751623,15
0.752219,16
0.752348,11
0.752962,3
0.753269,9
0.753953,2
0.754526,10
0.755050,13
0.755246,9
0.755421,5
0.755864,12
0.756642,11
0.757155,13
0.757581,7
0.758031,8
0.758909,11
0.759027,9
0.759484,6
0.760478,5
0.760976,11
0.761608,4
0.762119,7
0.762603,12
0.763476,7
0.763844,16
0.764207,4
0.765079,2
0.765985,14
0.766327,15
0.767298,7
0.768296,13
0.768573,13
0.769378,4
0.769686,13
0.770578,1
0.771459,1
0.772097,10
0.772678,2
0.773256,7
0.774187,11
0.774407,8
0.774626,10
0.774877,8
0.775431,3
0.776251,8
0.776825,5
0.777752,15
0.778609,16
0.778902,15
0.779239,11
0.779691,13
0.780640,2
0.781205,11
0.781809,4
0.782066,9
0.782203,7
0.782335,1
0.782973,4
0.783672,15
0.784596,1
0.784723,8
0.785272,11
0.786036,15
0.786285,6
0.786887,7
0.787639,14
0.787750,12
0.788503,4
0.788644,8
0.788817,11
0.789505,13
0.790300,8
0.791068,14
0.791806,14
0.792342,10
0.792845,6
0.793773,16
0.794757,4
0.794972,7
0.795347,16
0.796109,4
0.796813,7
0.797425,5
0.798344,6
0.799259,12
0.799405,12
0.800313,14
0.800931,3
0.801564,4
0.802392,9
0.802973,3
0.803450,4
0.803989,11
0.804936,12
0.805787,8
0.805967,2
0.806696,10
0.807632,15
0.807835,13
0.808613,15
0.809391,5
0.809524,16
0.810044,15
0.810211,11
0.810668,8
0.811603,14
0.811945,2
0.812089,2
0.812655,10
0.813324,10
0.813786,2
0.814644,14
0.814978,8
0.815082,8
0.815961,12
0.816489,13
0.816784,3
0.817325,5
0.818099,2
0.818627,10
0.819379,2
0.820031,16
0.820725,6
0.821532,15
0.822456,10
0.822659,5
0.822882,10
0.823310,8
0.823482,8
0.824247,13
0.824883,15
0.825524,9
0.826153,16
0.826995,2
0.827222,13
0.827674,6
0.828052,2
0.828189,1
0.828753,4
0.829239,7
0.829353,13
0.829790,15
0.830532,1
0.831021,11
0.831675,4
0.832189,15
0.833134,2
0.833467,16
0.833720,2
0.834636,2
0.835269,11
0.835463,12
0.835826,2
0.836436,16
0.836770,9
0.837276,6
0.837674,12
0.838360,7
0.839321,2
0.839464,13
0.839803,10
0.839920,9
0.840586,3
0.840953,5
0.841839,3
0.842444,14
0.843390,3
0.844190,9
0.844831,12
0.844972,16
0.845116,14
0.845720,15
0.845948,11
0.846272,11
0.846494,1
0.846904,6
0.847317,9
0.848199,13
0.848867,6
0.849528,6
0.850100,10
0.850371,12
0.851083,12
0.851760,8
0.852259,10
0.852695,4
0.853241,5
0.854028,4
0.854278,8
0.855204,14
0.856008,16
0.856753,9
0.857646,6
0.858177,5
0.858392,11
0.858953,13
0.859634,4
0.860387,12
0.860860,14
0.861516,15
0.862029,13
0.862909,1
0.863881,3
0.864804,10
0.865097,5
0.865602,13
0.866044,16
0.866486,7
0.867053,10
0.867953,7
0.868146,10
0.868850,12
0.869452,15
0.869638,12
0.870013,15
0.870772,6
0.871524,5
0.871683,9
0.872116,3
0.872609,6
0.872936,15
0.873188,14
0.874052,2
0.874944,12
0.875809,15
0.876698,2
0.877625,8
0.877866,3
0.878775,9
0.878881,7
0.879338,16
0.879570,13
0.879706,12
0.880584,10
0.880986,13
0.881501,1
0.882044,4
0.882212,10
0.882415,10
0.883001,13
0.883142,3
0.883460,6
0.883904,2
0.884778,1
0.885516,2
0.885763,4
0.886122,1
0.886898,8
0.887437,10
0.888032,13
0.889024,10
0.889149,6
0.889657,13
0.890085,11
0.890508,10
0.891274,14
0.891843,6
0.892076,16
0.892997,6
0.893193,13
0.893912,5
0.894861,12
0.895763,15
0.896629,11
0.897524,14
0.898451,7
0.898771,11
0.899296,6
0.899554,11
0.899798,8
0.899942,7
0.900486,3
0.901409,5
0.901941,10
0.902636,4
0.903402,13
0.903911,16
0.904639,16
0.905488,6
0.906195,2
0.906574,1
0.907490,5
0.907907,16
0.908130,14
0.908551,16
0.909451,10
0.909688,4
0.910436,10
0.911415,16
0.912406,11
0.913109,3
0.914108,8
0.915107,14
0.915354,11
0.915886,13
0.916348,11
0.916913,15
0.917775,9
0.918122,7
0.918452,8
0.918834,5
0.919670,2
0.920450,1
0.920584,2
0.920862,16
0.921691,1
0.922589,9
0.922791,16
0.923489,9
0.924457,5
0.925013,6
0.925423,11
0.925691,8
0.926248,9
0.926659,11
0.927558,6
0.928127,13
0.928380,2
0.928519,5
0.929190,2
0.929948,15
0.930652,16
0.930867,16
0.931383,1
0.931833,11
0.931939,13
0.932220,16
0.933035,3
0.933212,12
0.933497,4
0.933963,2
0.934536,6
0.935048,14
0.935443,3
0.936011,7
0.936613,15
0.937179,5
0.937972,13
0.938155,1
0.939038,15
0.939581,12
0.940314,11
0.940415,13
0.940801,13
0.941664,13
0.941873,1
0.942592,16
0.943156,11
0.943731,10
0.944476,8
0.944798,1
0.945150,7
0.945827,3
0.946778,1
0.947078,11
0.947901,8
0.948024,11
0.948339,6
0.948445,3
0.949276,9
0.949820,14
0.950374,3
0.950670,1
0.951231,7
0.951904,4
0.952507,4
0.953287,15
0.954155,7
0.954902,6
0.955793,15
0.956545,10
0.957413,16
0.957742,10
0.957973,12
0.958660,1
0.959213,5
0.959513,7
0.960464,3
0.961113,10
0.962021,13
0.962797,12
0.962901,8
0.963743,10
0.963863,8
0.964456,6
0.965454,4
0.966298,11
0.966675,16
0.967477,11
0.967742,5
0.967900,10
0.968568,4
0.969490,10
0.970142,10
0.970698,6
0.971694,16
0.972596,5
0.973097,5
0.973401,1
0.973547,6
0.974128,1
0.974732,14
0.975252,2
0.975875,8
0.976721,11
0.977685,7
0.978470,11
0.978844,1
0.979235,12
0.980083,9
0.980401,4
0.981204,2
0.981831,14
0.982146,11
0.983015,16
0.983887,13
0.984070,16
0.984843,9
0.985735,15
0.986310,1
0.987028,4
0.987824,4
0.988754,10
0.989396,11
0.990072,2
0.990243,6
0.990923,8
0.991922,10
0.992319,7
0.992683,2
0.993131,4
0.994098,16
0.994817,9
0.995264,9
0.995502,7
0.996471,5
0.997162,3
0.997399,16
0.997662,7
0.998290,7
0.998671,5
0.999151,6
1.000105,1
1.000375,6
1.001141,7
1.001893,2
1.002183,10
1.002728,16
1.002925,7
1.003027,15
1.003905,10
1.004210,12
1.004459,4
1.005222,10
1.005551,12
1.005745,3
1.006122,15
1.006502,16
1.006618,14
1.006819,7
1.007742,2
1.008507,8
1.009406,5
1.010153,6
1.010511,13
1.010800,5
1.011010,3
1.011196,4
1.011500,1
1.012471,11
1.012731,4
1.012992,6
1.013603,15
1.014305,16
1.014457,16
1.015099,4
1.015323,11
1.015695,13
1.016510,11
1.016818,9
1.017795,4
1.018390,6
1.019342,2
1.020020,14
1.020253,10
1.020697,8
1.021126,13
1.021816,11
1.022357,9
1.023171,5
1.023638,11
1.024414,6
1.024994,3
1.025182,9
1.026134,16
1.027013,11
1.027884,8
1.028672,9
1.029163,6
1.029817,10
1.030443,3
1.030735,3
1.031502,2
1.031907,3
1.032420,1
1.033322,13
1.033801,3
1.034304,16
1.034536,7
1.035264,13
1.035619,6
1.036232,12
1.036346,5
1.037335,12
1.037535,7
1.038024,9
1.038549,12
1.039186,13
1.039809,12
1.040746,5
1.041693,7
1.042338,12
1.042946,12
1.043249,9
1.044117,7
1.045084,10
1.045919,4
1.046621,16
1.046919,11
1.047301,13
1.047588,1
1.048273,3
1.048774,10
1.049224,4
1.049898,12
1.050065,16
1.050996,7
1.051225,14
1.051956,8
1.052169,13
1.052582,10
1.053107,7
1.053659,11
1.053931,4
1.054619,4
1.054955,6
1.055775,2
1.056169,8
1.056740,16
1.057360,9
1.058038,3
1.058741,11
1.059183,4
1.059754,11
1.060117,13
1.060890,3
1.061659,16
1.062071,12
1.062263,3
1.063036,13
1.063354,10
1.064134,4
1.065101,8
1.065598,8
1.066310,3
1.066523,6
1.067245,3
1.067595,14
1.068226,14
1.068547,2
1.069370,5
1.069830,10
1.070221,16
1.070537,13
1.070823,10
1.071515,12
1.071912,11
1.072291,10
1.073008,1
1.073394,6
1.073620,15
1.074275,16
1.074899,1
1.075786,13
1.076554,8
1.077517,7
1.078347,16
1.078534,14
1.078852,12
1.079286,14
1.079908,14
1.080234,2
1.080695,5
1.081104,15
1.081990,11
1.082685,6
1.083157,16
1.083761,9
1.084219,14
1.084817,5
1.085699,2
1.085846,14
1.086250,1
1.086594,3
1.087091,5
1.087238,12
1.087471,7
1.088080,6
1.088308,13
1.088880,16
1.089195,5
1.089753,8
1.090417,4
1.091304,9
1.091873,11
1.092351,1
1.092975,10
1.093124,11
1.093773,9
1.093903,6
1.094800,4
1.095498,13
1.096078,15
1.096769,15
1.097337,10
1.097494,16
1.098394,6
1.098889,11
1.099504,2
1.099735,3
1.100670,11
1.101169,14
1.101606,7
1.102167,7
1.102618,15
1.103149,6
1.103887,14
1.104591,16
1.105100,13
1.105998,5
1.106891,10
1.107391,16
1.107943,7
1.108835,9
1.109069,4
1.109313,11
1.110003,10
1.110830,12
1.111124,3
1.111896,2
1.112256,4
1.113004,9
1.113360,12
1.114209,16
1.115136,14
1.115966,4
1.116956,11
1.117421,11
1.117907,8
1.118260,7
1.118985,11
1.119373,3
1.119687,6
1.120218,4
1.120871,2
1.121134,1
1.121922,10
1.122568,13
1.122786,14
1.123080,12
1.123484,10
1.123812,16
1.124789,7
1.125780,9
1.126190,7
1.127169,14
1.128001,16
1.128660,8
1.128991,6
1.129117,13
1.129241,6
1.129632,13
1.130353,5
1.131068,16
1.131794,4
1.131921,8
1.132223,5
1.132521,15
1.133041,16
1.133247,1
1.134161,5
1.134539,7
1.135346,2
1.136163,10
1.136533,1
1.136770,5
1.137381,8
1.138315,5
1.138982,9
1.139825,7
1.140080,4
1.140393,15
1.140759,5
1.140913,9
1.141247,16
1.142236,8
1.142805,4
1.143737,5
1.144208,7
1.145044,16
1.145634,13
1.146127,11
1.146653,8
1.147642,13
1.147935,5
1.148246,6
1.148420,2
1.148799,8
1.149003,15
1.149900,7
1.150400,3
1.150990,14
1.151921,14
1.152147,12
1.152300,11
1.152558,16
1.153294,11
1.153801,15
1.154527,4
1.154836,2
1.155340,5
1.155957,11
1.156494,10
1.157374,13
1.158294,11
1.159162,7
1.159348,3
1.159790,10
1.160733,11
1.161268,16
1.162232,7
1.163146,6
1.164062,4
1.164483,4
1.164697,8
1.165091,16
1.165730,4
1.166725,12
1.167712,10
1.168375,11
1.168968,6
1.169953,10
1.170238,8
1.170788,16
1.171654,5
1.172477,3
1.172678,13
1.172829,1
1.172929,8
1.173624,8
1.173735,14
1.174447,13
1.175433,14
1.175936,5
1.176886,10
1.177069,9
1.177227,3
1.177544,2
1.178360,1
1.178702,10
1.179303,4
1.179533,9
1.180398,6
1.181147,12
1.182066,9
1.182467,16
1.183245,16
1.183979,11
1.184512,15
1.184630,16
1.185541,5
1.185824,11
1.186668,9
1.187167,3
1.187836,3
1.187987,2
1.188092,15
1.188552,7
1.189146,14
1.189688,10
1.190191,7
1.190583,5
1.190955,9
1.191506,8
1.191970,10
1.192318,8
1.192951,2
1.193095,7
1.193471,1
1.194218,9
1.194507,14
1.195272,6
1.195498,6
1.196143,7
1.196409,16
1.197309,13
1.197444,2
1.198173,4
1.199132,1
1.200073,2
1.200885,1
1.201014,14
1.201960,2
1.202889,2
1.203211,16
1.203815,12
1.204680,7
1.205072,3
1.205350,16
1.206349,10
1.207096,12
1.207940,10
1.208693,16
1.209405,9
1.209938,7
1.210261,14
1.210622,12
1.210905,16
1.211093,6
1.211674,6
1.211893,13
1.212207,15
1.212492,14
1.212600,14
1.213141,11
1.213632,4
1.213913,5
1.214720,11
1.215677,16
1.216243,1
1.217198,16
1.217421,12
1.217645,1
1.218490,12
1.219187,13
1.219810,2
1.220434,9
1.220591,6
1.220962,16
1.221878,4
1.222576,6
1.222930,5
1.223048,7
1.223246,5
1.224028,11
1.224645,8
1.225391,1
1.226226,3
1.227114,11
1.227355,12
1.227804,14
1.227915,5
1.228638,5
1.228893,3
1.229561,13
1.230187,12
1.230361,5
1.230725,14
1.231139,5
1.232072,4
1.232703,2
1.233559,1
1.234077,15
1.234444,6
1.234788,16
1.235664,7
1.236248,10
1.236470,7
1.236858,11
1.237493,10
1.237948,16
1.238396,13
1.238739,15
1.239337,8
1.239580,6
1.240255,7
1.240712,8
1.241099,5
1.241454,6
1.242133,12
1.242687,12
1.243381,3
1.243567,13
1.243973,4
1.244491,2
1.244651,16
1.245177,10
1.245576,4
1.246114,15
1.246797,12
1.247615,11
1.248470,7
1.248791,6
1.249790,1
1.250696,1
1.251060,6
1.252019,16
1.252134,12
1.252994,10
1.253210,16
1.254022,9
1.254673,13
1.255221,10
1.255777,15
1.256643,3
1.256814,8
1.257393,1
1.257792,2
1.258321,16
1.258593,11
1.259530,16
1.259989,4
1.260165,11
1.260885,5
1.261115,6
1.261493,12
1.262193,6
1.262748,9
1.262869,14
1.263769,15
1.264205,3
1.264529,10
1.264704,4
1.265369,5
1.265530,9
1.266050,14
1.266462,5
1.267190,4
1.268140,13
1.268342,1
1.269089,10
1.269510,5
1.270164,16
1.270850,9
1.271032,13
1.271237,1
1.272091,9
1.273041,15
1.273359,15
1.273548,8
1.274246,11
1.274961,16
1.275825,6
1.276605,7
1.277574,6
1.278558,1
1.279427,5
1.280118,15
1.280902,8
1.281505,11
1.281817,4
1.282477,2
1.283398,4
1.284315,1
1.284437,16
1.285091,3
1.285219,8
1.285825,1
1.286663,3
1.286772,11
1.287583,16
1.287686,1
1.288424,16
1.289156,12
1.289431,14
1.289611,7
1.289901,4
1.290479,8
1.291026,4
1.291809,1
1.292789,15
1.293474,6
1.294145,10
1.294348,10
1.294778,2
1.295119,5
1.295260,12
1.296040,13
1.297011,8
1.297915,10
1.298257,9
1.298364,5
1.298708,16
1.299160,12
1.299284,12
1.299809,8
1.300575,3
1.301299,16
1.301996,2
1.302962,15
1.303386,12
1.304020,15
1.304305,13
1.304468,8
1.305022,9
1.305224,1
1.305644,6
1.305788,10
1.306154,3
1.306330,4
1.306679,16
1.306952,8
1.307354,6
1.308342,8
1.308591,16
1.309037,9
1.309834,14
1.310612,10
1.311156,6
1.311784,16
1.312140,3
1.312768,10
1.313431,4
1.314014,6
1.314511,5
1.315050,13
1.315236,13
1.315672,9
1.316224,16
1.316933,15
1.317304,2
1.317728,7
1.318643,7
1.319349,4
1.319478,6
1.320244,6
1.320675,15
1.321262,1
1.322058,11
1.322501,13
1.322694,5
1.322908,13
1.323029,12
1.323367,5
1.324069,6
1.324987,2
1.325646,3
1.325944,6
1.326903,5
1.327023,1
1.327944,8
1.328936,13
1.329800,11
1.330425,8
1.330754,5
1.331745,16
1.331871,7
1.332487,4
1.332787,14
1.332950,14
1.333574,10
1.334153,15
1.334489,10
1.335057,16
1.335225,15
1.336066,12
1.336850,14
1.337571,14
1.338329,6
1.339014,6
1.339778,2
1.340417,9
1.340974,12
1.341948,10
1.342763,4
1.343705,15
1.343954,1
1.344167,14
1.344942,11
1.345439,3
1.346399,13
1.346715,12
1.347100,5
1.347843,1
1.348764,14
1.349200,11
1.349388,14
1.350382,5
1.350732,6
1.351625,12
1.352524,6
1.352995,5
1.353470,16
1.353869,9
1.354215,11
1.354457,11
1.354708,8
1.354863,6
1.355371,11
1.356285,15
1.356737,11
1.357461,12
1.357762,5
1.358438,7
1.359389,13
1.359905,3
1.360758,12
1.361647,14
1.361837,6
1.361948,15
1.362330,5
1.362795,9
1.363595,11
1.364159,11
1.365150,2
1.365867,3
1.366858,6
1.367565,3
1.368461,7
1.368566,15
1.368721,11
1.368936,14
1.369064,13
1.369720,14
1.369977,12
1.370693,1
1.371002,5
1.371722,8
1.372093,1
1.372740,8
1.373114,7
1.373279,14
1.373756,6
1.374149,3
1.374485,10
1.375468,1
1.376423,1
1.377289,8
1.377998,4
1.378205,16
1.378341,13
1.379253,10
1.380050,13
1.380849,11
1.381662,12
1.382358,9
1.382966,14
1.383531,5
1.384335,12
1.384598,14
1.384789,8
1.385731,12
1.386385,1
1.386722,10
1.387040,4
1.387834,1
1.388370,8
1.389208,1
1.389552,4
1.390246,13
1.391221,16
1.391499,7
1.391974,4
1.392814,2
1.393058,11
1.393329,2
1.394282,12
1.394750,3
1.395198,16
1.395442,1
1.396418,3
1.396754,15
1.397345,14
1.398337,13
1.398672,4
1.398841,7
1.399839,9
1.400092,6
1.400607,6
1.401567,14
1.402409,7
1.402867,12
1.403791,16
1.404147,9
1.405052,5
1.405956,6
1.406086,12
1.406960,7
1.407784,11
1.408712,14
1.408919,2
1.409186,7
1.409424,3
1.409731,13
1.410641,3
1.410817,10
1.411675,8
1.412504,9
1.412826,2
1.413434,13
1.413994,2
1.414976,3
1.415083,12
1.415695,2
1.416496,9
1.417236,9
1.417882,2
1.418810,15
1.419623,1
1.419872,7
1.420371,7
1.421194,6
1.421313,15
1.421900,13
1.422240,13
1.423078,9
1.423378,15
1.423621,14
1.424540,12
1.425129,5
1.425711,13
1.426366,15
1.427049,8
1.428015,6
1.428814,15
1.428946,2
1.429049,6
1.429820,7
1.430389,4
1.430979,12
1.431318,5
1.431745,6
1.432353,9
1.432713,11
1.433379,5
1.433561,14
1.433885,4
1.434780,3
1.435259,16
1.436031,10
1.436712,13
1.437671,15
1.438373,11
1.438959,8
1.439547,4
1.439670,6
1.439915,12
1.440350,11
1.441289,4
1.441732,9
1.442275,5
1.443057,2
1.443376,2
1.443586,4
1.444414,1
1.445058,5
1.445864,3
1.446490,2
1.446764,7
1.447396,7
1.448094,1
1.448586,2
1.448841,7
1.449300,1
1.449798,3
1.450413,6
1.450965,13
1.451630,8
1.452290,7
1.452996,2
1.453576,9
1.453783,1
1.454751,8
1.455279,16
1.456018,10
1.456785,12
1.457439,16
1.457709,3
1.458347,11
1.459253,12
1.459752,5
1.460330,7
1.461281,6
1.461854,4
1.462286,16
1.463203,4
1.464155,16
1.465142,14
1.465798,3
1.466384,8
1.466879,11
1.467361,4
1.468201,5
1.468449,16
1.468763,15
1.469756,16
1.470071,4
1.470569,16
1.471114,10
1.471645,10
1.472364,5
1.472869,8
1.473744,12
1.474248,8
1.474460,6
1.474784,7
1.475151,2
1.475403,11
1.476346,8
1.476755,9
1.477569,11
1.478373,4
